 919200 400
 919240 398
 919280 397
 919320 385
 919360 342
 919400 279
 919440 220
 919480 175
 919520 217
 919560 439
 919600 572
 920560 394
 920600 376
 920640 322
 920680 263
 920720 197
 920760 151
 920800 105
 920840 69
 920880 54
 920920 208
 920960 457
 921000 561
 921040 586
 921080 545
 921120 460
 921160 394
 921200 398
 921240 397
 921280 398
 921320 391
 921360 358
 921400 300
 921440 247
 921480 206
 921520 161
 921560 158
 921600 321
 921640 499
 921680 556
 921720 537
 921760 477
 921800 408
 921840 396
 921880 398
 921920 398
 921960 396
 922000 372
 922040 324
 922080 268
 922120 207
 922160 159
 922200 120
 922240 167
 922280 392
 922320 558
 922360 632
 922400 630
 922440 569
 922480 476
 922520 396
 922560 397
 922600 397
 922640 396
 922680 386
 922720 348
 922760 292
 922800 244
 922840 188
 922880 142
 922920 131
 922960 300
 923000 515
 923040 607
 923080 631
 923120 580
 923160 488
 923200 400
 923240 402
 923280 396
 923320 397
 923360 397
 923400 367
 923440 305