18250 390
18300 464
18350 439
18400 396
18450 396
18500 397
18550 396
18600 397
18650 397
18700 396
18750 391
18800 364
18850 334
18900 308
18950 279
19000 257
19050 317
19100 450
19150 422
19200 397
19250 397
19300 397
19350 397
19400 397
19450 397
19500 396
19550 387
19600 358
19650 334
19700 306
19750 290
19800 281
19850 425
19900 480
19950 458
20000 397
20050 397
20100 397
20150 401
20200 400
20250 398
20300 396
20350 397
20400 397
20450 396
20500 373
20550 336
20600 310
20650 403
20700 448
20750 443
20800 398
20850 397
20900 397
20950 397
21000 397
21050 398
21100 396
21150 385
21200 364
21250 324
21300 296
21350 265
21400 269
21450 439
21500 424
21550 397
21600 396
21650 397
21700 397
21750 397
21800 398
21850 396
21900 358
21950 327
22000 293
22050 266
22100 240
22150 304
22200 455
22250 455
22300 399
22350 397
22400 397
22450 398
22500 397
22550 397
22600 396
22650 396
22700 385
22750 362
22800 327
22850 286
22900 288
22950 443
23000 462
23050 429
23100 398
23150 397
23200 397
23250 397
23300 397
23350 397
23400 396
23450 379
23500 356
23550 319
23600 295
23650 262
23700 363
23750 438
23800 397
23850 397
23900 396
23950 397
24000 397
24050 397
24100 397
24150 353
24200 312
24250 277
24300 250
24350 231
24400 219
24450 357
24500 439
24550 397
24600 397
24650 397
24700 397
24750 397
24800 396
24850 397
24900 392
24950 382
25000 340
25050 303
25100 266
25150 226
25200 249
25250 441
25300 430
25350 397
25400 397
25450 397
25500 397
25550 398
25600 397
25650 396
25700 395
25750 372
25800 331
25850 304
25900 296
25950 288
26000 369
26050 439
26100 424
26150 397
26200 397
26250 397
26300 397
26350 396
26400 397
26450 385
26500 369
26550 349
26600 310
26650 279
