12550 499
12600 469
12650 431
12700 399
12750 398
12800 398
12850 398
12900 399
12950 398
13000 379
13050 347
13100 304
13150 270
13200 413
13250 495
13300 515
13350 495
13400 456
13450 408
13500 400
13550 399
13600 399
13650 399
13700 397
13750 396
13800 373
13850 336
13900 292
13950 313
14000 459
14050 496
14100 492
14150 455
14200 420
14250 400
14300 399
14350 398
14400 398
14450 398
14500 397
14550 390
14600 355
14650 316
14700 351
14750 448
14800 474
14850 459
14900 426
14950 399
15000 398
15050 398
15100 399
15150 398
15200 397
15250 386
15300 345
15350 309
15400 289
15450 426
15500 485
15550 499
15600 467
15650 439
15700 402
15750 400
15800 399
15850 398
15900 398
15950 397
16000 396
16050 374
16100 333
16150 312
16200 441
16250 503
16300 535
16350 520
16400 477
16450 431
16500 403
16550 399
16600 398
16650 399
16700 397
16750 391
16800 368
16850 322
16900 277
16950 395
17000 471
17050 488
17100 467
17150 426
17200 399
17250 399
17300 398
17350 399
17400 398
17450 394
17500 359
17550 308
17600 262
17650 222
17700 189
17750 297
17800 455
17850 430
17900 400
17950 399
18000 398
18050 399
18100 397
18150 398
18200 386
18250 358
18300 309
18350 259
18400 224
18450 191
18500 207
18550 407
18600 428
18650 398
18700 399
18750 398